467.239
291.562
159.763
90.191
0.697
2.057
1.315
0.733
0.952
0.847
0.922
0.792
0.885
1.480
0.908
0.896
0.644
0.893
0.809
0.829
0.676
0.649
0.969
0.890
0.807
0.742
0.968
0.905
0.814
0.752
0.712
0.900
0.863
0.615
0.708
0.735
0.807
0.814
0.660
0.939
0.749
1.177
0.945
0.919
0.901
0.843
1.284
0.889
0.777
1.009
1.157
0.742
0.809
0.788
0.746
0.800
0.882
0.699
0.727
0.676
1.015
0.616
0.978
1.111
1.061
0.699
0.643
0.663
0.898
0.666
0.650
0.953
0.906
1.140
0.593
0.838
1.192
0.837
0.848
1.218
0.729
0.620
0.663
0.915
0.679
1.001
1.018
0.730
0.850
0.831
0.862
0.786
0.794
0.680
0.754
0.988
0.759
0.797
1.193
1.720
0.922
0.904
0.648
0.834
0.865
0.648
0.851
0.862
0.867
0.845
0.898
0.664
0.822
0.727
1.006
0.772
0.928
0.732
0.674
0.867
0.723
0.912
0.628
1.380
0.726
0.853
0.706
0.709
0.579
0.658
0.872
0.687
0.659
0.781
0.698
0.901
0.882
0.826
0.931
0.760
0.655
0.851
0.949
0.831
0.970
0.696
0.885
0.939
0.869
1.190
1.071
1.019
0.906
1.030
0.998
0.909
1.236
1.887
0.867
1.100
1.044
1.048
1.163
1.043
0.988
0.638
0.858
1.756
1.003
0.835
0.918
1.086
0.896
0.873
0.860
0.774
1.223
0.941
0.906
1.010
1.081
0.745
1.078
0.768
0.711
0.884
0.958
1.410
0.905
1.002
3.162
0.809
0.828
0.742
0.711
1.192
0.838
0.799
1.081
0.671
0.771
0.869
0.811
0.695
0.864
0.624
1.705
0.898
0.724
0.718
0.759
0.883
0.644
0.635
0.782
1.542
0.776
0.890
0.870
0.834
12.139
0.883
0.756
0.803
0.898
1.103
0.708
0.849
1.181
0.891
1.087
0.747
0.618
0.855
0.763
0.809
0.823
0.842
0.962
1.099
1.031
0.807
0.761
0.826
1.160
0.809
0.949
0.999
0.641
0.643
0.707
1.296
0.787
1.007
0.883
0.851
1.330
0.934
0.833
0.924
0.839
0.871
0.908
2.413
0.970
0.770
1.631
0.628
0.751
0.817
0.896
0.964
0.743
0.785
0.905
0.849
0.905
0.940
0.689
1.744
0.839
0.862
0.867
0.798
0.816
0.925
0.949
0.610
0.628
0.873
0.780
0.703
0.685
1.201
1.358
0.732
0.804
1.000
0.904
0.982
1.074
0.745
0.963
0.693
1.037
0.934
0.853
0.898
0.771
0.741
0.795
1.089
1.066
0.946
0.711
1.021
1.290
0.851
0.846
1.055
0.866
1.332
1.721
0.918
0.813
0.754
0.773
0.896
0.780
0.711
0.836
0.884
0.927
1.023
0.815
0.848
0.869
0.989
1.035
0.699
0.827
0.871
0.985
0.720
0.901
0.810
0.678
1.182
1.135
0.737
0.863
0.955
0.891
0.621
0.845
0.658
0.735
0.753
0.733
0.668
0.872
0.963
0.866
0.829
0.748
0.797
0.724
0.886
1.034
0.999
0.878
1.642
0.866
1.186
0.936
0.837
0.911
1.568
1.196
0.679
0.706
0.861
0.849
0.907
0.945
1.066
0.929
0.705
0.906
0.898
0.860
0.989
0.767
0.938
0.639
0.815
0.820
1.730
0.908
0.747
0.720
0.790
0.938
0.753
0.943
0.901
0.966
0.764
1.137
0.992
0.820
0.795
0.917
0.873
1.644
0.791
0.966
0.784
0.758
0.826
0.852
0.952
1.131
0.838
0.697
0.754
0.760
0.698
0.778
0.847
0.929
0.840
1.086
1.295
0.645
0.913
0.668
0.968
0.722
0.690
0.667
0.751
0.918
0.721
0.658
0.662
0.935
0.790
0.872
0.669
0.859
0.775
0.793
0.793
0.688
0.733
0.593
0.843
0.810
0.781
1.073
0.718
0.686
1.085
0.771
0.677
0.937
0.744
0.632
7.360
0.616
0.854
1.637
0.811
0.606
0.573
0.702
0.772
0.625
0.563
0.706
0.539
0.659
0.551
0.847
0.533
0.687
0.684
0.507
0.668
0.712
0.713
0.682
0.692
1.148
0.558
0.767
0.620
0.716
0.514
0.760
0.469
0.773
0.764
0.681
0.691
0.642
0.487
0.692
0.680
0.620
0.677
0.519
0.738
0.575
0.589
0.599
0.631
0.686
0.598
0.662
0.574
0.700
0.568
0.650
0.817
0.513
0.724
0.699
0.725
0.576
0.717
0.793
0.669
0.712
0.681
0.701
0.517
0.833
0.736
0.715
0.701
0.611
0.857
0.597
0.501
0.642
0.636
0.656
0.656
0.791
0.770
0.559
0.668
0.760
0.564
0.726
0.579
0.656
0.729
0.712
0.727
0.728
0.684
0.836
0.798
0.706
0.722
0.781
0.715
0.606
0.650
0.685
0.665
0.640
0.595
0.548
0.651
0.769
0.810
0.539
0.735
0.704
0.637
0.694
0.640
0.609
0.659
0.657
0.601
0.617
0.879
0.849
0.707
0.649
0.702
0.767
0.720
0.714
0.748
0.469
0.780
0.637
0.652
0.692
0.685
0.741
0.700
0.699
0.696
0.569
0.499
0.419
1.048
0.627
0.648
0.662
0.750
0.654
0.820
0.544
0.664
0.784
0.455
0.523
0.729
0.646
0.441
0.536
0.566
0.591
0.659
0.511
0.767
0.709
0.521
0.475
0.598
0.761
0.834
0.788
0.778
0.814
0.562
0.575
0.714
0.595
0.790
0.747
0.569
0.708
0.610
0.749
0.669
0.682
0.659
0.574
0.529
0.575
0.715
0.611
0.863
0.677
0.488
0.639
1.717
0.498
0.675
0.631
0.711
0.763
0.598
0.589
0.500
0.447
1.904
0.711
0.669
0.573
0.692
0.750
0.683
0.759
0.693
0.524
0.694
0.563
0.548
4.885
0.609
0.639
0.765
0.693
0.697
0.704
0.830
0.715
0.728
0.627
0.710
0.678
0.771
0.772
0.748
0.603
0.654
0.871
0.692
0.708
0.785
0.736
0.600
0.672
0.471
0.809
0.844
0.539
0.779
0.566
0.679
0.839
0.702
0.880
0.681
0.519
0.876
0.573
0.619
0.502
0.647
0.744
0.580
0.495
0.725
0.845
0.626
0.740
0.634
0.505
0.591
0.808
0.789
0.791
0.777
0.616
0.474
0.662
0.661
0.629
0.811
0.755
0.749
0.665
0.529
0.757
0.746
0.490
0.726
0.707
0.855
0.571
0.607
0.645
0.666
0.686
0.560
0.855
0.766
0.618
0.696
0.540
0.724
0.713
0.477
0.657
0.610
0.763
0.766
0.571
0.739
0.663
0.622
0.640
0.693
0.718
0.673
0.644
0.678
0.645
0.639
0.610
0.549
0.518
0.670
0.497
0.629
0.611
0.445
0.517
0.530
0.919
0.681
0.546
0.527
0.699
0.724
0.675
0.721
0.619
0.693
0.463
0.540
0.692
0.694
0.588
0.770
0.591
0.523
0.557
0.792
0.719
0.724
0.628
0.922
0.701
0.678
0.807
0.634
1.096
0.536
0.770
0.773
0.705
0.740
0.637
0.641
0.695
0.640
0.695
0.824
0.723
0.742
0.742
0.681
0.672
0.779
0.691
0.728
0.720
0.673
0.624
0.737
0.769
0.675
0.909
0.639
0.520
0.711
1.051
0.532
0.703
0.728
0.576
0.561
0.865
0.916
0.748
0.666
0.818
0.743
0.737
0.524
0.713
0.677
0.957
0.932
0.639
0.594
0.732
0.609
0.880
0.793
0.502
0.636
0.781
0.743
0.680
0.577
0.652
0.573
0.470
0.567
0.673
0.828
0.574
0.738
0.726
0.597
0.652
0.637
0.463
0.759
0.582
0.559
0.673
1.390
0.804
0.775
0.622
0.535
0.678
3.301
0.738
0.699
0.532
0.616
0.793
0.607
0.520
0.797
0.775
0.675
0.622
0.661
0.592
0.500
0.783
0.782
0.641
0.649
0.628
0.608
0.600
0.579
0.592
0.735
0.708
0.688
0.670
0.621
0.723
0.633
0.686
0.533
0.456
0.548
0.590
0.581
0.504
0.778
0.726
0.543
0.729
0.623
0.734
0.571
0.439
0.706
0.588
0.579
0.497
0.839
0.640
0.522
0.693
0.713
0.665
0.689
0.500
0.690
0.702
0.488
0.685
0.510
0.719
0.478
0.619
0.584
0.637
0.905
0.714
0.567
0.714
0.610
0.689
0.528
0.669
0.774
0.577
0.496
0.565
0.689
0.670
0.551
0.784
0.599
0.467
0.693
0.798
0.705
0.833
0.645
0.823
0.720
0.667
0.850
0.859
0.746
0.526
0.622
0.657
0.507
0.555
0.533
0.487
0.380
0.480
0.451
0.608
0.393
0.476
0.479
0.480
0.541
0.558
0.587
0.553
0.524
0.965
0.431
0.026
0.053
0.026
