208.264
208.262
208.262
208.262
208.261
208.260
208.260
208.260
208.260
208.259
208.259
208.259
208.258
208.258
208.258
208.257
208.258
208.257
208.257
210.387
210.741
210.741
210.741
210.740
210.740
210.740
210.740
210.740
210.740
210.739
210.739
210.739
0.809
0.731
1.006
0.661
0.587
0.816
0.765
0.713
0.749
0.829
1.291
0.622
0.628
0.911
0.753
0.634
0.776
0.826
0.719
0.624
0.580
1.234
0.699
0.710
0.834
0.898
0.859
0.842
0.750
1.087
0.822
0.738
0.808
0.853
1.465
0.664
0.767
0.821
0.906
0.744
1.035
0.616
0.845
1.076
0.641
0.561
1.882
0.794
1.167
0.735
0.806
0.563
0.710
0.705
0.633
0.960
0.849
0.891
0.765
0.752
0.891
0.759
0.830
0.865
0.673
0.887
0.723
0.791
0.793
0.998
0.869
0.736
0.723
0.670
0.802
0.832
0.815
0.799
0.841
0.749
0.867
0.805
0.963
0.672
0.663
0.697
0.929
0.843
0.694
0.854
0.702
0.704
0.710
0.651
1.001
0.872
0.776
0.806
0.795
0.895
1.391
0.837
0.693
0.783
0.930
1.020
0.741
0.911
0.709
0.804
0.815
0.685
0.861
0.840
1.002
0.975
0.801
0.866
1.010
1.079
0.929
0.673
0.724
0.851
0.659
0.717
0.916
0.744
0.784
0.686
0.961
0.856
0.626
0.958
0.694
0.625
0.991
0.578
0.685
0.775
0.885
0.790
0.665
0.784
0.671
0.785
0.828
0.754
0.855
0.976
0.790
0.952
0.668
0.672
0.622
0.805
0.695
0.883
0.711
0.661
1.251
1.917
0.879
1.008
0.831
0.775
0.703
0.695
0.763
0.836
0.632
13.045
0.700
0.800
0.688
0.731
0.777
0.905
0.717
0.680
0.685
0.723
0.726
0.622
1.186
0.632
1.203
0.643
0.652
0.812
0.974
0.756
0.786
1.071
0.861
0.719
0.734
0.645
0.765
0.694
1.054
0.780
0.799
0.734
0.905
0.991
0.835
0.941
1.177
0.862
0.687
0.660
0.782
0.690
0.921
0.722
0.720
0.693
0.788
0.787
0.701
0.792
0.800
0.679
0.904
0.751
0.871
0.663
0.982
0.661
0.757
0.798
0.685
0.691
0.905
0.955
0.987
0.811
0.715
0.917
0.868
0.842
0.685
0.787
0.652
0.850
0.803
0.875
0.779
0.844
0.959
0.772
0.833
0.679
1.023
0.756
0.777
0.786
1.006
0.783
0.893
0.902
0.751
0.690
0.570
0.989
0.978
0.712
0.793
0.796
0.699
0.789
0.896
0.733
0.692
0.660
0.970
0.949
0.973
0.712
0.812
0.818
0.708
0.852
0.690
0.852
0.640
0.874
0.716
0.669
0.700
0.914
0.718
0.771
0.937
0.771
0.682
0.830
0.828
0.948
1.568
0.911
0.796
0.906
0.805
1.023
0.717
0.828
11.640
1.005
0.659
0.729
0.831
0.899
0.739
0.981
0.794
0.636
0.867
0.586
0.844
0.752
0.740
0.682
0.624
0.830
0.751
0.957
0.658
0.778
0.733
0.933
0.798
0.713
0.971
0.620
0.745
0.776
0.698
0.666
0.705
0.966
0.759
0.699
0.779
2.344
0.911
0.980
0.701
0.589
1.252
1.169
1.000
0.903
0.842
0.623
1.091
0.876
0.794
0.938
0.801
1.229
0.773
0.832
0.651
0.754
0.806
1.049
0.746
0.738
0.744
0.788
0.541
0.942
1.197
0.690
0.842
0.746
0.975
0.740
0.991
0.696
0.643
0.689
0.821
0.841
0.871
0.910
0.738
1.282
0.835
1.233
0.869
1.219
0.722
0.767
0.889
0.699
1.228
0.886
0.759
0.925
0.810
0.661
0.777
0.744
0.751
10.042
0.786
0.704
0.791
0.688
0.910
0.898
0.955
0.875
1.071
0.755
0.664
1.029
0.639
0.746
0.854
1.012
0.725
0.714
0.890
1.207
0.718
0.976
0.709
1.677
0.814
0.686
0.869
0.647
0.679
0.711
0.769
0.787
0.875
0.893
1.144
0.622
0.865
0.723
0.982
0.784
0.779
0.756
0.669
0.692
1.054
1.020
0.722
0.801
0.899
0.864
0.914
0.880
1.080
0.684
0.948
0.767
0.874
0.822
0.636
1.112
0.998
0.690
0.984
1.180
0.927
0.797
0.817
0.623
1.229
0.736
0.848
0.756
0.696
0.810
0.940
1.284
0.892
0.918
0.780
0.836
0.839
0.810
1.033
1.015
1.221
0.868
0.948
0.916
0.941
0.993
0.767
0.964
1.156
0.748
0.708
0.747
1.002
0.867
0.954
0.786
0.817
0.803
0.875
0.885
