50.811
50.811
50.811
50.810
50.921
50.921
50.928
54.738
52.872
27.774
0.819
0.682
0.665
0.841
0.793
0.652
0.757
0.799
1.383
0.607
0.906
0.713
0.743
0.875
0.821
0.760
1.045
0.648
0.875
0.660
0.786
0.885
0.687
0.667
0.837
0.865
0.836
0.722
0.753
1.137
0.708
0.865
0.805
0.759
0.848
0.856
0.784
0.763
0.634
0.775
1.492
0.737
0.765
1.132
0.817
0.623
0.678
0.627
0.712
0.644
0.766
0.743
0.812
0.881
0.890
0.561
0.521
0.676
0.645
0.746
0.682
0.847
0.872
0.697
0.687
0.573
0.765
0.638
0.790
0.871
0.848
0.584
0.746
0.724
0.854
0.819
0.676
0.970
1.026
0.736
0.801
0.767
0.809
0.607
0.641
0.730
0.754
0.932
0.826
1.003
0.696
0.726
0.799
0.710
0.667
1.004
0.700
0.677
0.579
0.903
1.173
2.843
0.649
1.327
0.861
0.834
0.742
0.855
0.769
0.621
0.793
0.802
0.847
0.669
0.599
0.838
0.734
0.849
1.518
1.032
0.960
0.814
0.769
0.647
0.877
0.786
0.660
0.987
0.774
1.467
0.735
0.767
0.902
1.088
1.171
0.667
0.867
1.396
1.400
0.811
0.975
0.693
0.763
0.885
0.685
0.843
0.805
4.394
0.796
0.963
0.731
0.774
0.920
0.779
0.815
0.766
1.192
0.613
0.963
0.814
0.740
0.782
0.623
0.819
0.837
0.941
0.689
0.663
1.006
0.741
0.688
0.729
0.887
1.112
0.630
0.797
0.814
0.827
0.742
0.724
0.793
1.146
0.739
0.961
0.699
0.622
0.720
0.739
0.874
0.718
0.716
0.657
1.395
0.723
0.701
0.563
0.689
0.801
0.630
0.868
0.630
0.860
0.908
0.820
0.745
0.652
0.879
0.776
0.836
0.821
0.790
1.406
0.691
0.863
0.792
0.905
0.570
0.822
0.792
0.808
0.651
0.827
0.743
0.790
0.795
0.808
0.735
0.804
0.790
0.805
0.788
0.641
0.648
0.730
1.251
0.868
0.642
0.764
0.682
0.813
2.047
0.924
0.729
0.950
0.786
0.991
0.785
0.695
0.914
0.712
0.718
0.748
0.737
0.842
0.814
0.610
1.649
0.679
1.198
0.799
0.807
0.578
1.110
0.938
1.084
0.749
0.944
0.839
0.824
0.655
0.690
0.760
0.825
0.858
0.649
0.789
1.028
0.762
0.781
0.724
0.910
0.918
0.735
0.627
0.970
0.735
1.004
0.721
0.615
0.855
0.912
0.973
0.906
0.740
1.419
0.980
0.797
1.126
0.817
0.771
1.212
0.961
0.798
0.775
0.859
0.646
0.909
0.594
0.941
0.683
0.920
1.040
0.819
0.885
0.801
0.791
0.794
0.871
0.688
0.867
1.000
0.757
0.789
0.877
0.628
0.747
0.859
0.598
0.763
0.681
0.549
0.904
0.681
0.891
3.518
0.935
0.944
0.859
0.694
0.681
0.653
0.702
1.389
0.990
0.866
0.731
0.769
0.756
0.809
0.748
0.962
0.649
0.939
0.695
0.907
0.760
1.250
0.763
0.843
0.759
0.827
0.840
0.745
5.304
0.805
0.858
0.876
0.700
0.890
0.727
0.978
0.952
0.679
0.860
0.656
0.902
0.899
0.868
0.715
1.088
0.764
1.425
0.729
0.771
1.095
0.800
0.851
0.663
0.839
0.884
0.648
0.792
6.564
0.882
0.984
0.703
0.683
0.696
0.588
0.679
0.674
0.722
0.597
0.821
0.991
0.803
0.770
0.863
1.309
0.650
0.788
0.604
0.876
0.642
0.849
0.866
0.745
1.216
0.575
0.848
0.739
0.950
0.849
0.820
0.555
0.792
0.903
0.927
0.664
0.697
0.913
0.793
1.260
0.676
0.967
0.777
1.187
0.597
0.776
0.652
1.831
0.729
1.807
1.214
0.639
0.697
0.542
0.807
0.697
1.060
0.756
0.834
0.751
0.786
0.787
0.603
0.767
0.889
0.705
0.760
0.772
0.639
0.759
0.858
0.759
0.764
0.689
0.766
0.585
0.674
0.640
0.801
6.249
0.673
0.664
0.715
0.746
0.756
0.605
0.453
0.602
0.634
0.676
0.746
0.506
0.740
0.431
0.563
0.666
0.695
0.597
0.714
0.641
0.711
0.646
0.670
0.491
0.566
0.464
0.547
0.611
1.391
0.680
0.682
0.597
0.742
0.677
0.745
0.770
0.678
0.682
0.582
0.471
0.511
3.274
0.489
0.541
0.512
0.677
0.594
0.604
0.720
0.683
0.647
0.714
0.446
0.522
0.625
0.555
0.556
0.497
0.539
0.515
0.596
0.596
0.628
0.463
0.702
0.558
0.644
0.725
0.694
0.567
0.609
0.681
0.598
0.591
0.681
0.499
1.207
0.678
0.664
0.570
0.547
0.708
0.493
0.775
0.472
0.730
1.500
0.683
0.642
0.626
0.675
0.596
0.751
0.649
0.505
0.757
0.541
0.470
0.734
0.795
0.753
0.454
0.501
0.531
0.695
0.567
0.620
0.524
0.535
0.623
0.893
0.546
0.490
0.782
0.478
0.697
0.627
0.581
0.688
0.824
0.382
0.673
0.629
0.505
0.700
0.788
0.594
0.486
3.924
0.705
0.810
0.516
0.870
0.510
0.704
0.580
0.511
0.660
0.619
0.656
0.660
0.785
0.728
0.450
0.588
0.589
0.687
0.739
0.548
0.665
0.814
0.642
0.806
0.552
0.597
0.597
0.467
0.969
0.541
0.541
0.761
0.613
0.712
0.762
0.442
0.490
0.732
0.556
0.662
0.431
0.745
0.723
0.669
0.701
0.529
0.540
0.692
0.560
0.603
0.734
0.697
0.683
0.835
0.935
0.601
0.887
0.622
0.425
0.510
0.949
0.611
0.775
0.696
0.614
0.544
0.519
0.644
0.428
0.554
0.672
0.654
0.518
0.713
0.522
0.493
0.779
0.683
0.573
0.660
0.763
0.810
0.638
0.660
0.495
0.558
0.563
0.613
0.659
0.680
0.714
0.578
0.518
0.590
0.697
0.701
0.567
0.528
0.677
0.712
0.560
0.641
0.496
0.695
0.635
0.674
0.740
0.523
0.926
0.726
0.585
0.727
0.734
0.489
0.534
0.492
0.642
0.716
0.625
0.754
0.672
0.743
0.690
0.698
0.700
0.708
0.719
0.599
0.709
0.551
0.477
0.793
0.390
0.717
0.614
0.507
0.620
0.710
0.548
0.740
0.698
0.573
0.440
0.492
0.547
0.705
0.436
0.462
0.575
0.804
0.645
0.608
0.648
0.549
0.521
0.679
0.636
0.511
0.724
0.605
0.738
0.512
0.537
0.696
0.473
0.631
0.618
0.553
0.603
0.908
0.642
0.790
0.720
0.817
0.671
0.516
0.693
0.461
0.839
0.480
0.498
0.658
0.679
0.604
0.675
0.722
0.435
0.647
0.548
0.556
0.671
0.755
0.582
0.687
0.611
0.687
0.477
0.558
0.537
0.719
0.884
0.599
0.730
0.772
0.481
0.598
0.684
0.613
0.596
0.869
0.681
0.595
0.673
0.690
0.604
0.605
0.789
0.497
0.512
0.617
1.223
0.809
0.874
0.749
0.677
0.547
0.508
0.805
0.595
0.656
0.673
0.486
0.561
1.006
0.616
0.820
0.573
0.693
1.606
0.733
0.692
0.774
0.655
0.586
0.736
0.487
0.568
0.654
0.716
0.494
0.703
0.743
0.565
0.753
0.605
0.556
0.709
0.730
0.606
0.677
0.749
0.889
0.877
0.709
0.840
0.608
0.680
0.523
0.504
0.573
0.761
0.882
0.815
0.731
0.574
0.654
0.559
0.519
0.617
0.626
0.665
0.527
0.739
0.643
0.504
0.542
0.783
0.865
0.840
0.538
0.620
0.692
0.583
0.591
0.502
1.253
0.592
0.817
0.557
0.417
0.467
0.662
0.426
0.662
0.625
0.778
0.731
0.754
0.588
0.802
0.726
0.643
0.665
0.761
0.557
0.649
0.599
0.615
0.549
0.758
0.555
0.656
0.678
0.632
0.563
0.724
0.572
0.623
0.644
0.548
0.721
0.697
0.650
0.684
0.578
0.501
0.635
0.562
0.675
0.748
0.651
1.013
0.433
0.487
0.673
0.572
0.489
0.499
0.712
0.668
0.656
0.566
0.666
0.566
0.596
0.632
0.461
0.527
0.396
0.746
0.515
0.512
0.433
0.365
0.398
4.177
0.745
0.570
0.449
0.540
0.477
0.381
0.564
0.482
0.689
0.663
0.833
0.554
0.356
0.532
0.567
0.677
