348.896
348.894
348.893
348.892
348.891
348.890
348.890
348.889
348.889
348.888
367.582
367.582
367.582
367.584
367.583
367.584
367.584
367.583
367.583
367.584
367.583
367.583
367.582
367.582
247.546
109.736
60.382
39.041
0.919
0.691
0.850
0.773
0.696
0.765
0.853
0.813
0.684
0.918
4.345
0.631
0.975
0.787
0.792
0.829
0.799
0.983
0.918
1.244
1.034
0.703
0.823
0.919
0.824
0.873
0.924
0.723
0.787
0.734
0.923
0.810
0.896
0.666
0.708
0.760
1.019
0.721
1.149
0.760
0.709
0.960
0.653
0.714
0.846
0.723
0.937
0.869
0.886
0.798
0.613
0.841
1.166
1.005
0.995
0.924
0.802
1.331
0.713
1.148
0.840
0.905
0.912
0.757
0.772
0.805
0.749
0.769
0.971
0.808
0.893
0.664
0.917
1.192
0.917
0.842
0.892
0.741
1.014
0.682
0.863
0.795
0.676
3.183
0.648
1.096
0.759
0.766
0.736
1.092
0.869
1.102
0.961
0.644
0.841
0.899
0.734
0.679
1.196
0.773
0.704
0.894
0.889
0.646
0.760
0.839
0.807
0.770
0.731
0.872
0.754
0.865
0.771
0.960
0.712
0.756
0.646
0.848
0.825
0.862
0.968
0.695
0.735
0.583
0.679
0.926
0.773
5.369
0.842
0.699
0.872
0.842
0.844
0.868
0.884
0.701
1.033
0.786
0.727
0.946
0.600
0.690
0.656
1.199
0.661
0.781
0.800
0.719
0.774
0.909
1.009
1.062
1.829
0.863
0.895
0.833
1.491
0.906
0.780
1.505
0.948
0.825
1.094
0.914
0.888
2.288
1.080
1.121
0.681
1.088
6.005
0.704
1.130
1.109
0.933
0.893
1.584
0.884
1.313
1.059
1.200
0.919
1.084
1.120
0.752
1.151
0.869
0.795
0.639
0.873
0.672
1.080
0.864
0.735
0.811
0.792
1.177
0.714
0.912
0.812
0.868
0.666
0.778
0.940
0.993
1.219
0.913
0.665
0.685
0.936
0.710
0.795
0.980
0.650
0.792
1.043
0.694
0.773
0.776
0.745
0.828
0.701
0.895
0.928
0.801
0.779
0.837
0.829
2.257
0.807
0.771
0.928
0.963
0.765
0.704
0.823
0.884
0.681
0.851
0.795
2.842
0.938
0.714
0.807
0.872
0.961
1.021
0.661
0.743
0.879
1.033
0.895
1.147
0.952
0.823
1.030
0.773
0.852
0.674
1.005
1.024
0.866
0.943
1.017
0.787
0.828
0.888
0.914
0.683
0.973
0.940
0.863
0.715
0.781
0.850
0.687
0.999
0.796
0.678
1.134
0.699
0.910
0.636
0.944
0.728
0.817
0.851
0.780
0.674
0.962
0.861
0.900
0.754
1.047
0.790
1.144
0.863
0.892
0.763
0.814
1.034
0.873
0.749
0.779
0.656
0.956
0.901
0.896
0.969
0.809
0.867
1.027
0.807
0.732
1.069
0.772
1.108
0.768
0.757
0.819
0.810
0.917
1.119
0.848
0.758
0.999
0.757
0.776
0.717
1.015
1.030
0.823
1.516
0.594
0.909
9.328
0.797
0.828
0.816
0.861
0.827
0.942
0.711
0.625
0.872
0.779
1.056
1.043
0.920
1.642
0.827
0.893
0.853
0.956
0.961
1.336
0.682
0.916
0.752
0.702
0.664
0.766
0.987
0.761
0.984
0.891
0.946
0.941
0.719
1.151
0.775
0.694
0.825
0.963
0.781
0.985
1.093
0.724
0.788
0.762
0.911
1.177
1.191
0.884
1.071
0.973
0.603
0.833
1.120
0.872
1.077
0.934
0.926
0.678
0.834
1.060
0.909
0.763
3.849
0.725
0.870
0.750
0.847
0.921
0.735
0.811
0.920
0.876
0.919
0.964
1.611
0.788
1.245
0.974
6.268
0.769
0.764
0.878
0.838
0.609
0.921
0.774
0.777
0.675
0.989
1.187
0.797
1.079
0.793
0.802
0.767
2.061
0.927
0.915
0.942
0.676
0.807
0.598
0.635
0.763
0.778
0.693
0.671
0.783
12.563
0.830
0.973
0.850
0.927
0.984
0.688
0.728
0.728
0.611
0.863
