52.610
52.609
52.609
52.608
52.608
52.607
52.609
52.609
52.609
52.608
52.608
52.608
52.607
52.607
52.607
52.607
52.605
52.605
52.605
52.605
52.604
52.604
52.603
52.603
52.603
52.605
52.604
52.604
47.332
41.307
0.912
0.819
0.842
0.855
0.696
0.878
0.722
0.830
1.354
0.859
0.670
0.776
0.961
0.681
0.676
0.797
0.929
0.830
0.820
0.957
0.912
0.759
0.736
0.666
0.742
0.668
0.676
0.830
0.908
0.835
0.690
0.600
0.887
0.799
0.834
0.952
0.844
0.671
0.644
0.726
0.761
0.715
0.719
0.838
1.203
1.188
0.851
0.738
0.833
0.769
0.800
1.010
0.772
0.853
0.622
0.977
1.193
0.728
1.079
0.958
0.880
0.904
0.802
0.745
0.780
0.773
0.708
0.869
0.764
0.833
0.828
0.913
0.772
0.826
0.804
0.804
0.867
0.842
0.864
1.147
0.609
0.903
0.734
0.904
0.863
0.604
0.648
0.901
0.743
1.145
1.044
0.843
0.759
0.744
0.754
0.661
0.751
0.959
1.649
0.818
0.981
1.004
1.222
0.946
0.858
0.831
0.724
0.857
0.739
0.845
0.803
0.813
0.649
0.854
0.689
1.105
0.784
1.002
0.987
0.725
0.883
0.968
1.261
0.769
0.707
0.776
0.545
0.764
0.942
0.632
0.689
0.763
0.927
0.826
0.682
0.609
0.717
0.775
0.938
0.721
0.898
0.913
0.811
1.228
0.828
1.066
1.197
0.820
0.837
0.955
0.710
0.667
1.576
0.796
1.044
0.805
0.929
0.759
0.860
0.761
0.927
0.745
0.779
1.113
0.840
0.980
0.876
1.021
0.837
0.700
0.793
0.864
1.000
0.656
0.816
0.967
0.850
0.729
0.724
0.817
0.701
0.713
1.019
0.672
0.795
0.754
0.688
0.622
0.804
0.927
0.700
0.785
0.793
0.930
1.162
0.676
0.800
0.771
0.645
0.799
0.850
0.873
0.870
0.869
0.764
0.725
0.713
0.692
0.654
0.774
0.885
0.766
0.709
0.714
2.060
1.624
0.922
0.597
0.719
0.825
1.072
1.011
0.707
0.803
0.791
0.806
0.740
0.847
0.593
0.670
0.832
0.671
0.918
1.138
0.854
0.654
1.195
0.703
0.818
0.669
0.844
0.738
1.102
0.765
0.734
0.880
1.122
0.895
0.761
0.673
1.259
0.924
1.157
0.690
0.711
0.690
1.435
0.984
0.839
1.056
0.967
0.743
0.834
0.984
0.602
0.876
0.751
0.723
0.665
0.828
0.882
0.867
1.394
0.680
0.574
0.759
0.769
0.871
0.710
0.872
0.676
0.797
0.818
0.791
1.212
1.019
0.683
1.149
0.823
0.809
0.748
1.298
0.940
0.968
0.665
0.816
0.883
1.117
0.741
0.738
0.854
0.807
0.751
0.788
1.046
1.065
0.647
1.361
0.856
0.622
0.886
1.271
0.881
0.633
0.670
0.919
0.540
0.901
0.797
0.711
0.670
0.834
0.652
0.589
0.774
0.778
0.729
0.922
0.716
0.803
0.717
0.916
0.680
0.867
0.759
0.993
1.007
0.928
0.862
0.954
1.377
0.893
0.993
0.873
0.878
1.549
0.943
0.948
0.836
0.704
0.936
0.848
0.755
0.813
0.976
1.160
0.735
0.829
0.912
0.671
0.687
0.880
1.121
0.624
0.629
1.131
0.857
0.623
0.903
0.665
0.815
0.710
0.855
1.037
0.903
0.862
0.645
0.742
0.704
0.772
0.873
0.928
0.915
0.997
0.903
0.719
0.702
0.910
0.807
0.779
0.884
0.888
0.898
0.885
0.906
0.902
0.817
1.670
0.669
1.127
0.666
0.849
0.853
1.060
0.958
0.681
0.706
0.901
0.821
0.792
0.773
1.051
0.922
0.927
0.931
1.402
0.816
0.683
0.735
0.695
0.701
0.710
0.649
0.755
0.766
0.670
0.863
0.815
0.687
1.046
0.845
0.937
0.776
0.658
0.681
0.690
0.922
0.708
0.780
0.838
0.656
0.740
0.712
1.174
1.097
0.794
0.701
1.058
0.828
0.841
0.809
0.720
0.613
0.726
0.768
0.787
0.601
0.636
0.703
1.006
0.625
0.788
1.093
0.638
8.543
0.817
0.725
0.503
14.032
1.108
0.737
0.456
0.681
0.488
0.745
0.615
0.599
0.447
0.635
0.665
0.597
0.875
0.693
0.546
0.561
0.712
0.415
0.677
0.888
0.638
0.589
0.681
0.505
0.687
0.781
0.654
0.593
0.587
0.818
0.673
0.736
0.481
0.721
0.599
0.600
0.754
1.180
0.782
1.617
0.609
0.655
0.469
0.585
0.768
0.584
0.676
0.515
0.597
0.586
0.639
0.758
0.700
0.536
0.719
0.550
0.745
0.463
0.842
0.624
0.653
0.516
0.652
0.614
0.593
0.670
0.787
0.665
0.620
0.656
0.626
0.673
0.645
0.489
0.624
0.726
0.723
0.748
0.651
0.485
0.520
0.591
0.696
0.457
0.646
0.889
0.726
0.753
0.787
1.123
0.450
0.845
0.660
1.060
1.120
0.767
0.699
0.468
0.737
1.438
0.626
0.868
0.490
0.814
0.670
0.760
0.527
0.614
0.585
0.470
0.478
0.731
0.606
0.513
0.566
0.630
0.600
0.692
0.625
0.450
0.666
1.716
0.600
0.740
0.639
0.545
0.707
0.617
0.545
0.526
0.527
0.868
0.462
0.672
0.590
0.607
0.692
0.648
0.527
0.664
0.834
0.747
0.525
0.637
0.740
0.449
0.698
1.017
0.520
0.531
0.816
1.012
0.630
0.845
0.562
0.504
0.634
1.670
0.652
0.676
0.637
0.618
0.590
0.592
0.822
0.726
0.571
0.553
0.546
0.566
0.781
0.602
0.721
0.516
0.746
0.532
0.583
0.462
0.657
0.607
0.723
0.547
0.618
0.463
0.580
0.422
0.550
0.447
0.751
0.756
0.680
0.607
0.611
0.492
0.603
0.680
0.727
0.727
1.166
0.442
0.637
0.649
0.677
0.475
0.665
0.641
0.593
0.731
0.743
2.451
0.527
0.731
0.486
0.701
0.659
0.622
0.711
0.616
0.673
0.734
0.626
0.707
0.715
0.834
0.573
0.609
0.722
0.483
0.544
0.609
0.479
0.630
0.763
0.630
0.531
0.786
0.551
0.608
0.665
0.650
0.876
0.633
0.456
0.754
0.404
4.399
0.623
0.461
0.753
0.736
0.673
0.674
0.483
0.465
0.734
1.012
0.666
0.610
0.634
0.619
0.769
0.509
0.630
0.735
0.609
0.548
0.624
0.736
0.693
0.632
0.999
0.722
0.518
1.024
0.575
0.543
0.523
1.511
0.679
0.756
0.625
0.703
0.823
0.610
0.604
0.766
0.450
0.763
0.569
0.934
1.631
0.641
0.735
0.652
0.669
0.646
0.781
0.645
0.631
0.617
0.571
0.465
0.754
0.521
0.696
0.577
0.533
0.527
0.681
0.744
0.730
0.906
0.687
0.691
0.642
0.702
0.755
0.517
0.584
0.420
0.594
0.735
0.706
1.004
0.767
0.761
0.698
0.815
0.669
0.622
0.734
0.692
0.537
0.606
0.680
1.053
1.087
0.527
0.578
0.647
0.723
0.832
0.860
0.605
0.670
0.692
0.648
0.687
0.528
0.677
0.958
0.719
1.076
0.612
0.545
0.674
0.798
0.820
0.959
0.659
0.701
0.705
0.865
0.694
0.500
0.498
0.713
0.573
0.569
0.470
0.564
0.619
0.709
0.744
0.771
0.519
0.729
0.712
0.716
0.657
0.639
0.668
0.716
0.725
0.629
0.736
0.504
0.655
0.887
0.654
0.508
0.526
0.424
0.727
0.829
0.795
0.648
0.642
0.579
0.691
0.764
0.615
0.644
0.624
0.827
0.762
0.523
0.738
0.521
0.557
0.734
0.672
0.762
0.803
0.688
0.793
0.636
0.723
0.606
0.758
0.683
0.516
0.646
0.474
0.798
0.731
0.676
0.616
0.609
0.671
0.679
0.538
0.698
0.721
0.685
0.732
0.657
0.745
0.630
0.562
0.496
0.622
0.708
0.795
0.685
0.544
0.605
0.589
0.553
0.576
0.557
0.523
0.530
0.706
0.776
0.673
0.587
0.774
0.659
0.866
0.697
0.665
0.535
0.648
0.785
0.719
0.719
0.712
0.655
0.622
0.531
0.699
0.461
0.575
0.708
0.660
0.612
0.584
0.621
0.676
0.469
0.447
0.763
1.459
0.674
0.737
0.702
0.587
0.487
0.514
0.475
0.476
0.683
0.578
0.599
0.450
0.634
0.739
0.656
0.529
0.824
0.496
