255.667
255.666
255.665
255.666
261.490
261.759
262.041
262.300
262.528
265.560
265.805
195.756
170.491
134.327
0.967
1.298
1.064
0.850
0.628
1.845
0.507
0.635
2.074
0.880
0.726
4.588
0.979
0.806
0.765
0.690
0.555
1.056
0.887
0.902
0.778
0.832
0.635
0.615
0.668
0.781
0.936
0.693
0.759
0.677
0.780
0.812
0.865
1.084
0.911
1.751
1.120
0.940
0.671
0.680
0.763
0.873
0.865
0.815
0.953
1.034
1.045
0.941
1.595
0.725
0.810
1.052
0.966
0.827
0.845
1.359
0.907
0.749
0.734
0.753
0.606
0.971
1.070
0.980
0.871
0.921
1.683
0.885
0.921
0.901
0.839
1.157
1.075
0.767
0.769
1.678
0.754
0.591
0.547
0.611
0.863
0.805
0.620
0.975
0.630
0.864
0.837
0.879
0.799
0.738
0.878
1.416
0.983
0.798
0.749
0.831
0.888
0.791
1.021
0.700
0.928
0.605
0.828
0.616
0.685
0.975
0.659
0.609
0.735
0.882
0.722
1.045
0.768
0.996
0.736
0.780
0.775
0.575
0.685
0.925
0.802
0.806
0.776
1.024
1.103
0.731
0.765
0.537
0.597
0.653
0.790
1.235
0.759
0.814
1.494
0.965
0.933
0.847
0.812
0.914
1.190
0.877
0.487
0.802
0.743
0.899
1.009
0.978
1.453
0.861
1.091
0.863
0.921
0.840
0.864
2.126
0.965
1.218
0.907
1.340
0.962
0.973
0.955
0.841
0.940
1.163
1.846
1.139
1.356
0.884
0.902
0.915
8.841
0.951
0.590
0.863
0.979
0.743
0.804
0.793
0.784
0.632
0.795
0.862
0.537
0.659
0.896
1.003
0.855
0.608
0.757
0.826
0.755
0.544
0.942
1.826
0.829
1.121
1.012
0.789
0.976
0.921
0.810
0.851
0.856
1.238
0.948
0.866
0.974
1.019
0.945
0.940
0.768
0.807
0.757
0.847
0.807
1.331
1.326
0.991
0.979
1.695
0.896
0.883
0.571
0.989
0.791
1.412
0.997
0.783
1.056
1.475
0.934
0.863
0.859
0.744
0.887
0.977
0.900
1.001
0.945
0.906
0.977
0.902
1.152
0.885
1.741
0.908
0.945
0.936
1.046
0.858
1.629
1.087
1.267
1.262
1.450
1.187
0.892
1.454
1.251
1.070
1.012
0.919
0.902
0.988
0.966
0.924
0.752
0.740
0.639
0.781
0.900
0.804
0.883
1.142
0.850
1.555
1.162
1.052
1.098
0.988
0.856
0.996
1.314
1.476
0.852
0.944
1.526
1.521
1.471
0.936
0.928
0.882
1.157
1.238
1.086
0.722
0.741
0.935
0.949
0.959
0.556
1.104
1.644
0.936
1.012
2.131
0.870
1.211
0.901
1.504
1.202
0.941
0.847
1.266
0.973
3.961
2.675
0.971
1.036
0.801
0.741
0.916
0.889
1.000
0.746
0.804
0.921
0.934
1.039
1.447
0.864
0.928
0.808
0.986
0.818
1.145
1.100
0.831
0.905
0.874
0.900
1.063
0.945
1.025
0.839
0.892
0.943
0.753
0.754
2.333
0.951
0.796
1.210
0.865
0.882
1.031
0.610
0.684
0.957
0.531
4.827
2.181
0.844
0.702
0.614
0.968
0.854
0.796
1.033
0.885
2.388
0.770
0.559
0.723
0.831
1.002
0.957
0.901
0.695
0.596
0.805
0.882
0.907
0.640
0.576
0.711
1.059
0.766
0.914
0.975
0.905
1.124
1.999
0.765
0.740
0.897
0.817
0.984
0.610
1.127
0.494
0.563
0.631
0.826
0.983
0.753
0.785
0.650
0.784
0.744
0.752
0.742
0.705
0.784
0.717
0.846
0.818
0.924
1.084
0.773
0.759
0.668
0.826
0.716
0.850
0.761
0.941
0.731
0.815
0.716
0.868
1.046
0.851
0.675
0.723
0.765
0.801
0.908
0.740
0.854
0.873
0.794
0.763
0.981
0.706
0.819
0.695
0.937
1.467
0.813
1.055
1.060
0.876
0.694
0.847
0.905
0.779
0.843
0.922
0.737
0.923
0.877
0.891
0.960
0.836
0.705
0.832
0.637
0.996
0.831
0.649
0.582
0.569
0.467
0.608
1.188
0.743
0.495
0.617
0.701
0.729
0.801
0.749
0.577
0.866
0.651
0.630
0.499
0.462
0.606
0.419
0.643
0.664
0.821
0.637
0.652
2.035
0.685
0.736
1.743
0.671
0.510
0.539
0.648
0.464
0.468
0.450
0.569
0.476
0.606
0.431
0.662
0.588
0.673
0.778
2.506
0.565
0.470
0.601
0.664
0.809
0.655
0.614
0.575
0.869
0.677
0.668
0.724
0.680
0.665
0.669
0.755
0.604
0.466
0.700
0.670
2.592
0.576
0.675
0.594
0.573
0.660
0.554
0.720
0.713
0.690
0.680
0.599
0.739
0.810
0.650
0.605
0.738
0.741
0.613
0.610
0.765
0.779
0.689
0.625
0.650
1.041
1.042
0.626
0.551
0.842
0.779
0.754
0.509
0.571
0.700
0.541
0.632
0.609
0.632
0.609
0.740
0.790
0.734
0.841
0.788
0.529
0.755
0.826
0.689
0.707
0.734
0.564
0.640
0.735
0.597
0.577
0.699
1.118
0.793
0.583
0.566
0.977
0.656
0.624
0.612
0.685
0.588
0.696
0.695
0.721
0.623
0.604
0.683
0.721
0.498
0.732
0.787
0.797
0.705
0.708
0.530
0.513
0.738
0.718
0.878
0.572
0.570
0.642
0.791
0.739
0.625
0.634
0.775
0.682
1.007
0.632
0.715
0.752
0.625
0.665
1.068
0.753
0.630
0.768
1.147
0.534
0.639
0.799
0.749
0.600
0.651
0.710
0.665
0.874
0.657
0.632
0.569
0.739
0.774
0.724
0.570
0.847
0.729
0.642
0.727
0.914
0.690
0.838
0.566
0.698
0.659
0.511
0.626
0.696
0.518
0.643
0.695
0.974
0.775
0.601
0.769
0.758
0.455
0.653
0.483
1.064
0.815
0.724
0.767
0.857
0.560
0.586
0.713
0.614
0.644
0.814
1.016
0.887
0.766
0.547
0.792
0.766
0.804
0.694
0.522
0.648
0.742
0.667
0.776
0.739
0.536
0.550
0.790
0.823
0.753
0.764
0.823
0.558
0.790
0.772
0.600
0.590
0.790
1.137
0.577
0.701
1.627
0.654
0.444
0.597
0.611
0.696
1.768
0.543
0.569
0.691
0.681
0.696
0.667
1.776
0.581
0.684
0.757
0.644
0.823
0.616
0.507
0.543
0.448
0.601
0.651
0.971
0.695
0.609
0.464
0.402
0.406
0.672
0.692
0.509
0.613
0.731
0.791
0.615
0.665
0.593
0.561
0.616
0.653
0.763
0.567
0.619
0.696
0.710
0.509
0.700
0.497
0.669
0.668
0.407
0.707
0.625
0.557
0.753
0.654
0.841
0.673
0.722
0.647
0.712
0.684
0.828
0.768
0.728
0.643
0.591
0.833
0.698
0.757
1.117
0.718
0.624
0.565
0.733
0.733
0.603
0.786
0.751
0.677
0.567
0.730
0.605
0.780
0.716
0.763
0.720
0.832
0.742
0.590
0.508
0.709
0.714
0.748
0.453
0.394
0.553
0.562
0.499
0.727
0.485
0.564
0.700
0.588
0.738
0.800
0.573
0.664
0.800
0.737
0.547
0.406
0.482
0.573
0.663
0.570
0.551
0.707
0.579
0.732
0.642
0.677
0.684
0.677
0.755
0.670
0.533
0.684
0.761
0.630
0.541
0.665
0.689
0.631
0.450
0.610
0.654
0.689
0.551
0.637
0.584
0.684
0.584
0.660
0.615
0.785
0.802
0.493
0.518
0.552
0.846
0.658
0.535
0.597
0.605
0.473
0.660
0.788
0.609
0.648
0.765
0.740
0.598
0.424
0.669
0.530
0.615
0.926
0.636
0.618
0.685
0.646
0.582
0.613
0.456
0.572
0.513
0.546
0.546
0.545
0.544
0.664
0.748
0.718
0.796
0.592
0.648
0.889
0.678
0.741
0.719
0.587
0.951
0.551
0.650
0.699
0.639
0.564
0.662
0.522
0.623
0.616
0.653
0.688
0.715
0.620
0.670
0.701
0.654
0.632
0.591
0.590
0.680
0.495
0.627
0.516
0.611
0.483
0.561
0.472
0.805
0.570
0.417
0.508
0.550
0.504
0.673
0.621
0.596
0.691
