401.072
394.219
347.511
0.877
1.028
0.772
0.746
0.810
0.792
1.626
0.831
0.956
0.717
0.767
1.091
0.936
0.769
0.724
0.826
0.785
0.913
0.745
1.202
1.256
0.767
0.912
0.909
0.963
0.845
0.751
0.598
0.869
0.745
0.664
1.186
0.818
0.748
0.820
0.765
0.817
0.796
0.896
1.375
0.643
0.885
0.618
0.904
0.744
0.665
0.669
0.802
0.771
1.319
0.852
0.734
0.919
0.792
0.903
1.176
0.990
0.825
0.829
0.771
0.654
0.757
1.153
0.779
0.774
0.830
1.026
0.848
0.562
0.786
0.760
0.837
0.957
1.088
0.790
0.632
0.845
0.831
0.685
0.829
1.030
0.846
0.957
0.817
0.611
0.810
0.829
0.744
0.857
1.010
0.896
0.754
0.867
0.764
0.601
0.678
0.698
0.907
0.863
0.761
0.726
0.881
0.695
0.606
0.756
0.688
0.612
0.845
0.792
0.677
0.718
0.682
0.766
0.621
0.801
0.838
0.610
0.809
0.765
0.852
0.656
0.691
0.887
1.618
0.590
0.620
0.832
1.252
0.721
0.826
0.932
0.802
0.760
0.745
0.701
0.691
0.652
0.669
0.925
0.684
0.697
0.727
0.642
0.574
0.744
0.656
0.796
0.621
0.813
0.764
0.670
0.825
0.936
0.733
0.768
0.641
0.648
0.623
0.567
0.894
0.689
0.648
1.065
0.720
0.625
0.628
0.749
0.674
0.936
0.790
1.146
1.049
0.903
0.679
0.651
0.692
0.846
0.810
0.961
0.631
0.791
0.792
0.714
0.944
0.901
0.784
0.775
0.809
0.748
0.826
0.833
0.654
0.732
0.777
0.814
0.771
0.657
0.792
0.687
0.771
0.589
0.834
0.819
0.564
1.197
1.063
0.840
0.651
0.672
0.902
0.736
0.648
0.832
0.978
0.819
0.687
0.837
0.662
0.796
1.144
0.682
0.760
0.669
0.802
1.288
0.694
0.884
0.955
0.820
0.919
0.940
0.837
0.758
0.868
0.642
0.692
0.690
0.734
0.620
0.669
1.257
0.803
0.823
0.838
0.780
0.687
0.614
0.724
0.702
0.822
0.563
0.950
0.837
0.944
0.685
0.720
0.755
0.758
1.599
0.722
0.737
0.639
0.709
0.845
0.665
0.830
0.656
0.821
0.879
0.715
0.599
0.676
1.086
0.704
0.716
0.868
0.841
0.759
0.955
0.741
0.810
0.882
1.497
0.796
0.791
0.675
0.689
0.868
0.749
0.848
0.664
0.595
1.576
0.773
0.750
0.786
0.570
0.819
0.822
0.927
0.751
1.112
1.063
0.814
0.731
0.993
0.849
1.608
0.889
0.941
0.644
0.784
0.850
0.746
1.186
0.837
0.724
0.728
0.748
0.836
0.852
0.809
0.845
0.599
0.705
0.698
0.791
0.903
0.702
0.787
0.748
0.894
0.528
0.634
0.728
0.930
0.654
0.886
0.686
0.996
0.852
0.888
0.803
11.613
1.179
0.981
1.750
0.955
1.372
0.943
0.712
0.730
0.655
0.802
0.829
0.804
0.912
0.806
0.727
0.882
0.731
0.776
0.787
0.588
0.585
0.640
0.770
0.755
1.021
0.920
0.840
0.957
0.815
0.727
0.654
0.657
0.776
0.710
0.726
0.595
0.750
0.569
0.679
0.868
0.665
0.993
0.999
1.142
0.802
0.732
0.774
0.959
0.674
0.723
0.761
0.735
0.836
0.877
0.843
0.797
0.618
0.649
1.075
0.765
1.000
0.650
0.859
0.926
0.745
0.756
0.785
0.696
1.101
1.277
1.120
0.876
0.841
0.786
0.674
0.724
0.895
0.897
0.698
0.779
0.750
1.069
0.741
0.684
0.939
0.792
0.752
0.900
0.793
0.695
0.971
0.832
0.783
0.681
0.875
1.217
0.802
0.592
0.618
0.975
1.421
1.145
0.734
0.810
0.589
0.873
0.825
0.614
0.828
0.754
0.797
0.950
0.609
0.886
0.936
0.726
0.857
1.002
0.830
0.996
1.192
0.668
0.863
1.311
0.952
0.736
0.750
0.968
1.078
0.840
0.923
0.833
1.020
0.571
1.065
0.798
0.758
0.899
0.810
0.774
0.845
0.911
2.452
0.969
1.075
0.859
0.847
0.832
1.092
0.664
0.838
0.745
0.974
0.812
0.965
1.411
0.741
1.103
0.695
0.817
0.864
0.948
0.774
1.157
0.853
0.710
0.639
0.694
0.918
0.945
0.736
3.769
0.928
0.822
0.920
0.788
0.843
0.955
0.611
0.990
1.192
0.789
0.788
1.028
1.091
0.954
0.978
0.653
0.564
0.836
0.612
0.742
0.604
0.582
0.593
0.623
0.663
0.611
0.604
0.506
0.626
0.566
0.489
0.459
0.428
0.531
0.507
0.024
0.023
0.026
0.024
0.035
