2.726
4.769
5.148
97012.983
96279.516
94642.374
94375.815
94356.599
93834.100
92970.070
90412.734
89539.443
88835.407
84941.067
84649.057
84204.951
81762.850
80640.916
77952.938
74457.902
74358.592
73180.758
71880.870
71105.134
70394.947
68783.558
67059.090
65841.041
60625.377
57499.592
56771.865
52462.773
49113.118
45727.080
42368.339
40732.898
39212.001
37600.443
35205.045
34255.500
34021.071
31523.656
27494.927
24741.226
23753.205
19658.725
16976.235
16675.696
13871.427
9289.707
8617.328
7478.321
7246.431
6557.234
5866.525
4413.225
1459.692
