95.611
95.610
95.610
95.609
95.609
95.612
95.612
95.611
95.611
96.847
97.089
97.089
97.089
97.089
97.089
97.089
97.089
97.089
97.088
0.831
0.963
0.699
0.803
0.617
0.699
0.601
0.691
0.560
0.760
0.798
0.742
0.997
0.692
0.676
0.672
0.853
0.562
0.745
0.892
1.047
0.783
0.813
0.786
0.804
0.831
0.837
0.928
0.866
0.802
0.817
0.719
0.886
0.948
1.434
0.864
0.786
0.980
0.762
0.992
0.705
0.711
0.955
1.340
0.671
1.253
0.640
0.707
0.869
0.833
0.814
0.819
0.796
0.600
0.896
0.666
1.003
0.709
0.649
0.599
0.893
0.828
0.675
0.646
0.620
1.680
0.691
0.632
0.820
0.815
0.924
0.782
0.883
0.726
0.667
0.828
0.793
0.777
0.978
1.094
0.901
0.827
0.868
0.592
0.664
0.697
0.924
0.895
0.900
0.690
0.742
0.892
0.743
1.023
0.893
0.671
0.823
0.664
0.856
0.889
0.712
0.678
0.685
0.604
1.036
0.754
0.804
0.844
0.876
0.787
0.830
0.843
0.745
0.714
0.811
0.864
0.945
0.824
0.600
0.848
0.749
0.716
0.734
0.761
0.900
0.940
0.816
0.668
1.035
0.658
0.738
0.651
0.645
0.650
1.081
0.704
0.818
0.822
0.767
0.842
0.693
0.809
0.608
0.745
1.559
0.837
0.898
0.712
0.726
0.759
0.818
0.857
0.795
0.739
0.813
0.847
0.736
0.870
0.872
0.914
0.693
0.597
0.670
0.689
0.938
0.821
0.918
0.792
0.914
0.643
0.763
0.927
0.968
0.671
0.672
0.656
0.871
0.876
0.717
1.013
0.940
1.216
0.771
0.990
0.672
0.724
0.794
0.793
0.885
0.674
0.744
0.815
0.901
0.813
0.947
0.642
1.000
0.963
0.973
0.861
0.826
0.943
1.147
1.586
0.724
0.745
0.708
0.887
3.580
0.638
0.757
0.949
1.152
0.911
0.776
0.659
0.655
0.773
0.865
0.895
0.866
0.733
13.186
0.667
1.833
0.760
0.659
0.867
0.723
0.605
0.769
0.668
0.790
1.025
1.007
0.786
0.830
0.794
0.770
0.832
0.934
7.832
0.694
1.273
0.730
0.620
0.613
0.703
0.901
0.788
0.684
0.703
0.823
0.748
0.793
0.731
0.612
0.748
0.721
0.855
0.809
1.041
0.974
0.704
0.756
1.730
0.736
0.662
0.962
0.899
0.684
0.603
0.921
1.092
1.164
0.951
1.020
0.867
0.817
0.903
0.799
0.842
0.573
0.823
0.950
0.689
0.815
0.819
0.856
0.821
0.610
0.720
0.791
0.642
0.807
0.960
0.719
0.877
1.737
0.656
0.750
0.718
0.766
0.988
0.848
0.929
0.638
0.926
0.859
0.954
0.840
0.667
0.972
0.677
0.665
0.680
0.674
0.895
0.797
0.918
0.691
0.735
0.679
0.681
0.891
0.774
0.926
1.909
0.782
0.759
0.806
0.893
0.610
0.775
0.859
0.891
0.805
0.744
0.709
0.713
0.819
0.839
0.697
0.916
0.918
0.811
1.057
0.871
0.666
0.970
0.870
0.641
1.022
0.909
0.693
0.716
1.009
0.777
0.797
0.682
1.443
0.593
0.905
0.744
0.766
0.618
0.946
0.832
0.815
0.888
0.636
0.756
0.707
0.746
1.044
1.122
0.739
0.737
0.682
0.812
0.816
1.587
0.770
0.702
0.751
0.761
0.743
0.751
1.548
0.699
0.876
0.784
0.768
1.006
0.816
1.015
0.867
0.740
0.849
0.973
0.748
0.578
0.857
0.842
0.737
0.862
0.609
0.713
0.650
0.757
2.415
0.748
1.242
0.654
0.967
0.652
0.592
0.891
0.861
1.338
0.661
0.813
0.854
0.796
1.051
1.637
0.717
0.734
0.738
0.622
1.396
0.829
0.888
1.692
0.845
0.721
0.835
0.660
0.747
0.924
0.968
0.925
0.898
0.927
1.003
0.913
0.636
1.244
0.778
0.851
0.959
0.689
0.936
0.915
0.907
0.712
0.642
0.677
0.730
0.639
0.986
0.885
1.012
0.714
0.923
0.895
0.797
0.808
0.649
0.790
0.957
0.763
0.752
0.819
0.806
