397.646
397.994
398.644
404.815
404.816
404.816
404.816
404.816
404.816
408.443
408.443
408.443
408.878
408.878
408.878
408.878
408.878
408.878
408.878
408.877
408.878
408.878
408.878
408.877
408.877
408.877
408.876
408.876
408.875
346.796
274.389
235.196
198.843
171.256
0.916
0.929
0.811
0.906
0.706
0.940
0.890
0.853
0.867
0.621
0.716
0.875
1.036
1.285
0.945
0.827
0.662
0.762
0.735
0.955
0.709
0.747
1.036
0.792
0.653
1.088
0.919
1.015
0.642
1.133
0.746
0.761
0.661
1.038
1.286
0.770
0.750
0.847
1.076
0.616
0.617
0.774
0.881
0.714
0.693
0.797
0.632
0.501
0.725
0.679
0.676
0.856
0.929
0.958
0.747
0.808
0.762
0.893
0.890
0.763
0.817
0.899
0.595
0.778
0.681
0.630
0.927
0.842
0.856
0.816
0.811
0.627
0.855
0.869
0.936
0.858
0.804
0.808
0.726
0.817
0.723
1.010
1.116
0.926
0.792
0.839
0.972
0.879
0.854
0.719
0.762
0.789
0.752
0.961
0.892
0.672
0.931
1.098
0.909
1.047
0.904
0.813
0.520
0.696
0.854
0.825
0.861
0.989
0.665
0.808
1.808
0.621
0.592
0.689
0.722
0.654
0.793
0.622
0.864
0.776
0.876
0.694
0.984
0.678
0.780
0.607
0.859
1.118
0.789
0.990
0.855
0.718
0.899
0.712
0.882
0.856
1.136
0.915
0.767
0.528
0.667
0.920
0.747
0.805
0.740
0.794
0.875
0.783
0.913
0.540
0.818
0.677
0.669
0.646
0.971
0.733
0.823
0.841
0.667
0.904
0.744
0.684
0.767
0.921
0.884
0.997
0.586
0.943
0.679
1.103
0.802
0.713
1.194
0.732
0.717
0.909
0.787
1.089
0.680
0.766
0.977
0.752
1.081
0.887
1.051
0.901
0.837
1.049
0.948
0.807
1.262
0.581
0.838
0.703
0.821
0.840
0.756
0.913
0.910
1.056
0.935
0.794
0.706
1.070
0.715
1.284
0.898
0.835
0.915
1.149
0.778
0.887
0.883
0.821
0.900
0.796
1.587
0.981
0.649
0.710
0.704
0.779
0.719
0.895
1.230
1.075
1.185
0.671
0.724
1.014
0.922
0.668
0.796
0.847
0.940
1.022
1.076
0.838
0.758
0.798
0.833
0.675
0.898
0.762
0.813
1.126
0.793
1.811
1.017
0.801
1.888
1.104
2.009
0.989
1.292
1.576
1.377
1.444
1.237
1.278
1.352
1.677
1.129
1.331
1.220
1.022
0.772
0.833
1.142
0.975
0.957
0.871
0.593
0.869
0.991
1.017
0.639
0.974
0.600
1.015
0.895
0.849
0.930
0.929
0.569
0.823
0.816
0.790
0.579
0.886
0.885
0.743
0.917
0.905
0.932
1.314
0.751
0.889
0.563
1.192
0.572
0.656
0.952
1.209
0.920
1.303
0.832
1.032
0.860
0.756
0.797
1.464
0.875
0.828
0.849
1.417
0.940
0.777
0.740
0.873
0.923
0.755
1.341
0.951
0.882
0.716
0.801
1.154
0.918
0.719
1.071
0.766
0.858
1.026
0.862
1.001
1.102
0.809
0.708
0.765
0.784
0.951
0.821
0.855
0.998
0.816
1.174
0.877
0.972
0.887
0.629
0.940
1.160
0.937
1.188
0.917
0.885
0.849
0.837
0.804
1.139
0.870
0.875
0.841
0.788
0.867
0.745
0.702
1.050
0.920
0.634
0.597
1.041
0.820
0.909
1.176
0.887
0.996
0.885
0.883
0.511
1.041
0.945
0.939
1.175
0.812
1.043
0.889
0.921
0.596
0.880
0.769
0.840
0.997
1.721
0.779
0.945
0.941
0.694
0.789
0.519
0.764
0.838
1.192
1.058
1.009
0.872
1.114
0.896
0.614
0.722
0.874
0.815
0.808
0.871
0.817
0.562
1.032
0.939
1.072
0.733
0.974
0.976
0.832
0.907
0.882
0.809
0.955
0.623
1.500
0.845
0.648
0.839
0.963
0.833
0.965
0.737
0.903
