51.715
52.091
52.425
52.764
53.044
53.343
53.659
53.963
54.281
54.683
55.327
55.667
55.877
56.058
56.504
0.873
0.772
0.678
0.829
0.696
0.603
0.937
0.808
0.836
0.764
0.704
0.868
0.728
0.824
0.744
0.551
0.800
0.791
0.782
0.711
0.851
1.249
0.585
0.776
0.823
0.824
0.601
0.681
0.941
0.861
0.878
1.137
0.908
0.879
1.132
0.918
0.907
0.941
0.652
0.731
0.742
0.904
0.901
0.961
0.705
0.748
0.720
0.785
0.767
0.729
0.635
0.770
0.954
0.761
0.708
0.671
0.989
0.848
1.044
0.878
0.684
0.790
0.837
0.798
0.592
0.917
0.861
0.968
0.923
0.754
0.898
0.686
0.901
0.866
0.726
0.903
0.807
0.600
0.703
0.824
0.892
1.257
0.670
0.727
0.787
0.749
0.875
0.892
0.866
0.658
0.584
0.738
0.869
0.814
0.759
0.714
0.760
0.916
0.911
0.795
0.735
1.280
0.935
0.776
0.777
0.642
0.662
0.710
0.777
0.786
0.694
0.625
0.734
0.630
0.767
0.746
0.821
0.622
1.750
0.703
0.805
0.842
0.709
0.855
1.320
1.290
0.848
0.820
0.818
0.658
0.711
0.781
0.787
0.759
0.779
0.686
0.703
0.731
0.762
0.696
0.931
0.864
1.085
0.711
0.792
0.882
0.733
1.223
0.906
0.688
0.725
0.691
0.845
1.063
0.708
0.795
0.689
0.804
0.857
0.911
0.702
0.549
0.792
0.893
0.686
0.779
0.614
0.693
0.663
0.662
0.720
0.638
0.622
0.878
0.783
0.925
0.674
0.645
0.704
6.089
0.628
0.620
0.713
0.619
1.350
0.882
0.610
0.619
0.595
0.878
0.710
0.880
0.751
0.662
0.738
0.825
0.885
0.931
1.068
0.650
0.852
0.750
0.661
0.963
0.874
0.585
0.691
0.784
0.960
0.737
0.884
0.768
0.774
1.083
0.726
1.172
0.817
0.887
0.617
1.016
0.701
0.626
0.765
0.822
0.802
0.735
0.683
0.901
0.644
0.918
0.747
0.854
0.960
0.860
0.645
0.761
0.854
0.670
0.790
0.826
0.722
0.978
0.767
0.558
0.792
0.780
0.817
0.794
0.597
0.680
0.708
0.663
0.692
0.618
0.699
0.817
0.717
0.744
0.837
0.847
0.657
1.749
0.651
0.698
0.668
1.199
0.757
0.708
0.776
0.975
0.785
0.894
0.830
0.859
0.945
0.948
0.838
0.626
0.941
0.666
0.833
0.811
0.911
0.614
0.641
0.920
0.807
0.937
0.660
0.623
0.631
1.040
1.023
0.783
0.907
0.632
1.164
0.739
0.759
0.705
0.611
0.624
0.719
0.686
0.822
1.117
0.871
0.918
0.769
0.671
0.590
0.727
0.944
0.895
0.799
0.685
0.615
0.836
0.653
0.703
0.871
0.685
0.693
0.726
0.608
0.948
0.867
0.626
0.771
0.562
1.075
0.830
0.705
0.766
0.590
0.908
0.874
0.786
0.992
0.853
0.643
0.741
0.710
0.699
0.840
0.642
0.862
0.775
0.660
0.901
0.821
0.766
0.747
0.578
0.739
0.745
0.683
0.667
1.015
0.924
0.761
0.701
0.766
0.779
0.763
1.867
0.639
0.645
0.760
0.695
0.705
0.691
0.680
0.748
0.613
0.798
0.817
0.687
0.710
0.805
0.744
0.873
0.871
0.903
0.815
0.665
0.769
0.935
1.328
0.847
0.799
0.622
1.427
0.670
0.801
0.673
0.818
0.897
0.882
0.750
0.698
0.570
0.928
0.699
0.889
0.619
0.654
0.692
0.709
0.668
0.626
0.576
0.686
0.650
0.746
0.951
0.667
0.753
0.884
0.698
1.051
0.712
1.048
0.789
0.735
0.823
0.788
0.767
0.778
1.123
1.055
0.862
0.691
1.080
1.248
0.940
0.711
0.715
0.776
0.709
0.757
1.074
0.627
0.739
0.989
0.666
1.003
0.896
0.635
0.921
0.696
0.612
0.708
0.742
0.971
0.846
0.709
0.662
0.875
0.937
0.741
0.853
0.745
1.061
1.144
0.693
0.704
0.897
0.867
0.799
0.877
0.667
0.910
0.841
0.832
0.735
1.017
0.735
0.504
0.528
0.547
0.757
0.725
0.528
0.685
0.592
0.793
0.444
0.593
0.557
