401.726
406.124
412.212
197.828
26.355
14.948
0.677
1.129
0.671
0.642
0.629
0.886
2.711
0.695
1.114
0.907
3.000
0.657
1.325
1.009
0.613
0.830
0.800
0.923
0.869
0.738
0.890
0.691
1.179
0.855
0.628
0.715
0.641
0.844
0.753
0.886
0.892
0.885
0.844
0.710
0.621
0.674
0.824
0.741
0.646
0.992
0.576
0.678
1.036
0.761
0.921
0.773
0.787
0.695
0.744
1.217
0.573
0.660
0.719
0.836
0.766
0.625
0.873
0.717
0.731
0.861
0.801
0.968
0.836
0.769
0.811
0.694
0.897
0.897
0.708
0.848
0.783
0.763
0.622
0.766
0.841
0.656
0.702
0.749
0.913
0.621
0.741
0.778
0.798
0.737
0.804
0.645
0.655
0.709
0.675
0.814
0.615
0.633
0.836
0.843
0.656
0.863
0.689
0.829
0.740
0.755
1.495
0.902
0.878
0.731
0.720
0.796
0.830
0.770
0.859
0.832
0.618
0.727
0.800
0.712
0.899
0.675
0.611
0.990
0.705
0.883
0.796
0.840
0.739
0.728
0.770
0.581
0.892
0.671
0.926
0.673
0.758
0.734
0.858
0.913
0.695
0.639
0.771
1.069
0.726
0.905
0.850
0.629
0.810
0.820
0.763
0.680
0.918
1.213
0.640
0.938
0.722
0.622
0.661
0.730
0.745
0.723
0.684
0.734
0.864
0.689
0.639
0.731
0.629
0.953
0.623
0.799
0.694
0.655
0.647
0.739
0.714
0.725
0.739
0.686
0.665
0.660
0.929
0.866
0.772
0.558
0.938
1.078
0.787
0.893
0.660
0.837
0.736
0.705
0.766
0.767
0.923
0.611
0.695
0.763
1.434
0.607
0.711
0.656
0.839
0.636
0.893
0.694
0.905
0.889
0.623
0.833
0.709
0.661
0.791
0.646
0.659
0.808
0.576
0.957
0.953
1.021
0.718
1.965
1.185
0.813
0.692
0.714
0.692
0.900
0.923
0.824
0.703
0.796
0.792
15.043
0.713
0.623
1.528
9.937
0.719
1.077
0.630
0.797
0.641
1.011
0.884
0.752
0.840
0.677
0.772
0.633
0.611
1.038
0.563
0.810
1.010
0.904
0.707
0.751
0.854
0.836
0.781
0.849
0.739
0.840
0.789
0.735
0.812
1.492
0.830
0.875
0.741
0.793
0.741
0.822
0.952
0.647
0.816
0.757
0.903
0.889
0.889
0.713
0.673
0.999
0.868
0.728
0.752
0.709
0.891
0.867
0.921
0.775
0.813
0.713
0.795
0.844
0.846
0.762
0.740
0.709
0.760
0.929
0.640
0.638
0.682
0.677
0.752
0.719
0.618
0.768
0.634
0.832
0.981
0.873
0.737
0.879
1.067
1.006
0.755
0.709
0.611
0.818
0.891
0.683
0.811
0.880
0.869
0.873
0.665
0.968
0.805
0.679
0.600
0.790
0.733
0.866
0.828
0.743
0.715
0.747
0.663
0.969
1.313
1.204
0.905
0.815
0.634
0.776
0.690
0.869
0.848
0.667
0.591
0.919
0.792
0.863
0.646
0.578
0.921
0.696
0.775
0.725
0.939
0.858
0.903
0.649
0.603
7.624
0.644
0.827
0.847
1.096
0.835
0.742
0.738
0.730
0.723
0.653
0.760
0.936
0.924
12.529
0.867
0.790
0.990
0.767
0.915
1.033
0.771
0.730
0.744
0.812
0.735
0.955
0.868
0.937
0.891
0.780
0.734
0.759
0.704
0.842
1.318
0.651
0.924
0.601
0.856
0.770
0.910
0.911
1.005
0.858
0.679
0.870
1.072
0.912
0.859
0.651
0.946
0.900
0.800
0.791
0.688
0.600
0.765
0.715
0.788
0.699
1.130
0.653
0.889
0.609
0.735
0.679
0.795
0.754
0.622
0.882
0.842
0.897
0.763
0.937
0.715
0.956
0.844
0.807
0.927
0.604
1.153
1.167
0.909
0.841
0.988
0.622
0.764
0.790
0.678
0.868
0.594
0.707
0.885
1.051
0.792
0.753
0.882
0.608
0.799
0.788
0.597
0.929
0.853
0.855
0.860
0.699
0.795
0.953
0.625
1.492
0.781
0.706
0.721
0.514
0.426
0.548
0.530
0.643
0.748
0.648
0.428
0.633
0.649
0.574
0.563
0.579
0.554
0.960
0.445
0.516
0.549
