161.032
161.032
161.031
161.030
161.030
161.029
161.029
160.276
0.684
0.868
0.796
0.880
0.677
0.804
0.899
0.811
0.740
0.800
0.772
0.740
0.914
0.777
0.814
0.684
0.634
0.919
0.885
0.849
0.771
0.574
0.587
0.969
1.420
0.880
0.546
0.701
0.701
0.713
0.821
0.850
0.856
0.674
0.614
1.012
0.935
0.794
0.843
0.948
0.722
0.734
0.802
0.638
0.850
0.772
0.898
1.063
0.956
0.923
0.803
0.749
0.635
0.827
1.150
0.718
0.864
0.779
0.649
0.806
0.927
0.799
1.265
0.670
0.704
1.057
0.935
0.728
0.921
0.689
0.676
0.740
0.729
0.898
0.826
0.728
0.660
0.652
0.878
0.599
0.582
0.833
0.761
0.980
0.758
0.705
0.725
0.874
0.784
1.090
0.578
0.890
0.867
0.707
1.200
0.704
0.822
1.443
0.662
0.724
0.670
0.700
0.657
0.746
0.944
0.754
0.851
0.658
0.721
0.657
0.699
0.840
0.786
0.624
0.887
0.750
0.815
0.707
0.740
0.838
0.680
0.692
0.797
0.806
0.828
0.714
0.964
0.644
0.796
0.998
0.917
0.845
0.821
0.887
0.771
0.665
0.624
0.846
0.695
0.635
0.987
0.774
0.781
0.974
0.813
0.758
0.735
0.769
0.815
0.884
0.820
0.984
0.749
0.763
0.848
0.727
0.687
0.605
0.851
0.656
0.594
0.641
0.830
0.744
0.734
0.666
0.864
0.672
0.712
0.750
0.890
0.721
0.800
0.755
0.669
0.642
0.738
0.730
0.749
0.818
1.010
0.848
0.753
0.846
0.843
0.705
0.828
0.772
0.887
1.156
0.958
0.747
0.716
1.032
0.760
0.850
0.735
0.969
1.117
0.988
0.734
0.723
0.661
0.848
0.945
0.916
0.819
0.762
1.018
0.704
0.743
0.763
0.674
0.825
0.865
3.177
0.655
0.818
0.632
0.899
0.910
0.693
0.919
0.891
0.913
1.013
0.760
0.760
0.918
13.191
8.851
0.651
0.714
0.808
0.802
0.868
0.702
1.016
0.920
0.843
1.037
0.856
0.928
1.358
0.737
0.821
0.859
0.704
0.900
0.897
1.607
1.289
0.885
1.029
0.790
0.916
0.919
0.826
0.893
0.977
1.062
0.817
0.886
0.861
0.856
0.955
0.817
0.763
1.150
1.412
0.985
0.804
0.897
0.928
0.922
0.767
1.128
0.793
1.120
1.248
0.734
0.862
0.972
0.670
0.731
0.865
0.970
0.792
1.038
0.729
0.946
1.132
0.824
0.959
1.268
1.002
0.834
0.668
0.939
0.743
0.727
0.714
0.834
0.811
0.771
0.715
0.657
0.660
0.654
0.821
0.884
0.767
0.663
0.904
1.054
0.938
0.766
0.700
1.174
1.161
0.785
0.785
0.917
0.785
1.124
1.088
0.676
0.848
0.691
0.792
0.645
0.603
0.989
0.912
0.723
0.607
1.058
0.759
1.546
0.692
1.159
0.913
0.814
0.947
0.831
0.895
0.650
0.875
0.816
0.976
0.874
0.727
0.698
0.692
0.913
0.801
0.783
0.844
0.943
0.660
0.936
0.845
2.891
1.103
1.767
0.703
0.861
0.832
0.866
0.609
1.121
0.846
0.761
0.914
0.836
0.716
0.666
0.706
0.703
0.970
0.789
0.791
1.122
0.895
0.702
0.856
0.942
0.773
0.932
0.757
0.991
1.050
0.757
1.080
0.846
0.965
0.646
1.201
0.872
0.879
1.104
0.852
0.984
0.959
0.899
0.594
0.885
0.978
0.795
0.786
0.924
0.944
0.780
1.036
0.921
0.921
0.755
0.824
1.016
1.141
0.751
0.656
0.962
0.979
0.771
0.949
0.672
0.974
1.818
0.766
0.854
0.765
0.728
0.708
0.887
0.883
0.651
0.900
0.732
0.770
0.784
0.686
0.860
0.829
0.741
0.960
0.708
0.979
0.873
0.758
0.781
1.040
0.731
0.680
0.813
0.802
0.888
0.799
0.763
0.769
0.649
0.594
0.533
0.426
0.818
0.691
0.656
0.716
0.776
0.505
0.420
