393.417
5.940
0.560
0.637
0.867
1.036
0.916
0.961
0.951
0.878
0.699
0.730
0.845
0.880
0.821
0.831
0.893
0.858
0.833
0.866
0.878
1.010
0.871
0.758
0.879
0.863
0.871
0.851
0.917
0.762
0.869
0.740
0.838
0.752
0.851
0.763
0.604
0.844
0.820
0.993
0.790
0.697
0.794
0.821
0.908
0.762
0.761
0.942
0.868
0.616
0.760
0.767
0.668
0.915
0.806
0.771
0.833
0.705
0.875
0.647
0.766
0.609
0.883
0.849
0.822
0.565
0.780
0.826
0.867
0.726
0.864
0.710
0.818
0.626
0.461
0.758
0.675
0.904
0.922
0.842
0.750
0.858
0.614
0.877
0.980
0.766
0.753
0.875
0.650
0.672
0.834
0.972
0.889
0.839
0.709
0.858
0.917
0.782
0.842
0.973
0.693
0.830
0.726
0.598
4.300
0.836
0.632
0.806
0.843
0.803
0.690
0.707
0.870
0.652
0.806
0.907
0.885
0.907
0.829
0.824
0.742
0.695
0.871
0.923
0.809
0.788
0.886
0.822
0.908
0.611
0.833
0.943
0.986
0.764
0.628
0.873
0.750
0.915
0.686
0.697
0.917
0.771
0.851
0.662
0.543
0.860
0.554
0.909
0.818
0.657
0.600
0.632
