393.273
5.909
0.623
0.697
0.797
0.964
0.842
0.780
1.092
0.810
0.587
0.704
0.697
0.668
0.693
0.942
0.718
0.811
0.690
0.808
0.742
0.870
0.706
0.622
0.741
0.809
0.801
0.697
0.756
0.732
0.815
0.689
0.669
0.602
0.794
0.867
0.693
0.801
0.676
0.846
0.770
0.807
0.746
0.786
0.855
0.853
0.785
0.790
0.740
0.750
0.712
0.817
0.731
0.786
0.671
0.782
0.787
0.718
0.749
0.738
0.630
0.728
0.752
0.862
0.708
0.504
0.734
0.702
0.817
0.812
0.820
0.817
0.764
0.861
0.531
0.887
0.772
0.783
0.759
0.791
0.740
0.785
0.739
0.839
0.939
0.856
0.874
0.735
0.745
0.764
0.686
0.909
0.732
0.621
0.801
0.765
0.700
0.757
0.782
0.887
0.791
0.777
0.710
0.712
4.250
0.707
0.740
0.754
0.849
0.739
0.756
0.799
0.791
0.749
0.776
0.755
0.859
0.769
0.688
0.696
0.845
0.796
0.730
0.754
0.753
0.751
1.001
0.791
0.809
0.434
0.703
0.806
0.958
0.625
0.687
0.719
0.872
0.757
0.779
0.793
0.859
0.711
0.805
0.725
0.547
0.829
0.646
0.884
0.737
0.754
0.736
0.723
