393.433
5.754
0.588
0.648
0.747
0.890
0.737
0.846
1.005
0.733
0.670
0.590
0.796
0.762
0.765
0.884
0.787
0.689
0.770
0.711
0.819
0.906
0.765
0.700
0.811
0.704
0.707
0.779
0.828
0.621
0.736
0.595
0.766
0.692
0.709
0.808
0.672
0.708
0.750
0.943
0.641
0.748
0.649
0.651
0.753
0.820
0.610
0.797
0.847
0.667
0.608
0.770
0.667
0.853
0.744
0.622
0.682
0.571
0.791
0.723
0.714
0.698
0.836
0.702
0.784
0.426
0.602
0.782
0.718
0.774
0.724
0.763
0.659
0.675
0.406
0.816
0.765
0.836
0.819
0.696
0.615
0.733
0.666
0.739
0.830
0.833
0.808
0.818
0.715
0.731
0.761
0.822
0.822
0.707
0.746
0.732
0.766
0.642
0.684
0.823
0.732
0.674
0.624
0.650
4.152
0.793
0.671
0.658
0.697
0.664
0.729
0.761
0.706
0.709
0.665
0.848
0.719
0.849
0.723
0.751
0.884
0.752
0.804
0.845
0.663
0.647
0.935
0.685
0.747
0.473
0.768
0.852
0.853
0.706
0.696
0.808
0.805
0.845
0.749
0.752
0.762
0.615
0.707
0.710
0.427
0.711
0.606
0.767
0.655
0.710
0.615
0.681
