58.039
58.038
58.039
58.038
58.037
58.037
58.036
58.036
58.036
58.035
58.035
58.035
58.034
58.034
58.033
58.033
58.032
58.031
58.031
57.833
57.832
57.831
57.831
57.830
57.830
57.829
57.829
57.831
57.831
57.831
57.831
57.831
57.831
57.830
57.830
59.434
61.401
0.978
1.143
0.698
0.821
0.739
0.933
0.665
0.840
0.664
0.782
0.618
0.997
1.655
0.969
1.075
0.803
1.017
1.013
0.766
0.766
0.801
0.736
0.916
0.740
0.953
1.047
0.964
1.010
1.045
0.751
0.703
0.956
0.921
0.632
0.922
1.153
0.872
0.711
0.819
0.848
0.879
0.644
0.776
0.840
0.764
0.897
0.734
0.635
0.622
0.839
0.854
0.960
1.782
0.780
1.184
0.775
0.846
0.930
0.766
0.811
0.743
0.791
0.660
0.756
1.314
0.746
0.757
0.638
0.863
0.589
0.886
0.642
0.790
0.859
0.815
0.920
0.706
0.711
0.890
0.956
0.690
0.832
0.852
0.802
0.768
0.693
0.623
0.959
0.752
0.718
0.718
0.540
1.134
1.148
0.925
1.171
0.887
0.682
0.743
0.605
0.745
0.808
0.905
0.731
0.714
0.558
0.579
0.889
0.761
0.561
0.661
0.861
0.845
0.542
0.658
0.749
0.919
0.664
1.170
0.674
0.784
0.849
0.732
0.800
1.132
1.373
1.132
0.756
0.775
0.724
0.613
0.547
0.844
0.802
0.889
0.732
0.732
0.716
2.079
0.561
0.759
0.697
0.762
0.676
1.258
0.853
0.697
1.249
0.965
0.741
0.947
0.934
1.110
1.190
1.232
0.714
0.803
0.911
0.787
0.597
0.659
1.039
0.766
0.864
0.889
0.926
1.750
0.645
0.902
1.186
0.753
0.650
0.863
0.861
0.621
0.908
1.085
0.755
0.669
1.211
0.895
0.831
0.919
1.099
1.041
0.850
1.549
0.802
0.892
0.610
0.650
1.040
0.981
0.797
0.599
0.735
0.996
1.062
0.760
0.884
0.842
0.836
0.757
0.744
7.794
0.744
0.817
1.012
0.820
1.328
0.722
0.715
0.695
0.789
0.561
0.804
0.628
0.887
0.690
0.787
0.758
0.828
0.648
0.686
0.758
0.802
1.027
0.705
1.192
0.626
1.210
0.807
0.718
0.763
0.874
0.665
0.805
0.748
0.589
0.784
0.780
0.734
0.806
1.080
0.747
0.931
0.851
0.934
0.991
0.617
0.611
0.837
0.981
0.731
0.765
0.903
0.816
0.715
0.871
0.968
0.950
0.821
0.681
0.717
1.427
3.216
0.860
0.785
0.883
0.813
0.671
0.753
0.911
0.515
0.769
0.733
0.905
1.075
0.905
0.843
0.699
0.773
0.715
0.701
0.686
0.710
0.801
0.771
1.126
0.781
1.280
0.813
1.248
0.857
0.867
0.622
0.880
0.766
0.809
0.740
0.595
0.531
0.792
0.733
0.888
0.711
0.906
0.744
0.648
0.775
0.929
0.922
1.036
0.712
0.904
0.663
0.886
0.881
0.718
0.808
0.714
0.725
0.656
0.757
1.316
0.682
0.749
1.068
0.847
0.701
0.774
0.738
0.728
0.847
0.672
0.894
0.878
0.725
0.717
0.808
0.893
0.753
0.831
0.550
0.696
0.672
1.110
0.953
0.706
0.621
0.780
0.602
0.804
0.730
0.747
0.961
0.926
0.543
0.824
0.882
0.787
0.685
0.689
0.508
0.835
0.862
0.874
0.618
0.701
0.683
0.849
1.051
0.870
0.606
0.562
0.609
0.687
0.650
0.831
0.766
0.837
0.740
0.662
0.660
0.554
0.808
0.667
0.808
0.857
0.822
0.919
0.743
0.910
0.727
0.992
0.818
0.734
0.874
0.810
0.763
0.847
0.945
0.590
0.897
0.627
0.653
0.817
0.717
0.770
2.279
0.793
0.713
0.820
0.940
0.674
1.091
1.124
0.909
0.767
0.761
1.623
1.067
1.207
1.045
0.547
0.853
0.770
0.901
0.780
0.673
0.668
0.824
0.738
0.669
1.070
0.630
0.709
0.804
0.679
0.900
1.013
0.989
0.732
0.897
0.600
0.845
0.745
0.753
1.118
0.621
0.940
0.935
0.704
0.633
0.673
0.692
0.592
0.831
