441.484
441.483
444.309
448.085
449.461
454.241
454.971
455.561
456.038
456.525
370.236
218.838
1.042
0.874
0.943
0.778
5.157
1.109
0.828
1.151
0.853
1.087
0.894
1.004
0.730
0.607
0.696
0.886
1.083
0.624
0.927
0.771
0.840
0.662
0.817
0.868
0.664
0.666
0.687
0.930
1.264
0.590
0.673
0.862
0.621
1.316
0.754
0.866
0.483
0.865
0.540
0.621
0.692
0.848
0.913
0.536
1.074
0.726
0.883
0.864
0.586
0.520
0.526
0.909
0.797
0.687
0.738
0.901
0.910
0.797
0.601
0.825
0.657
0.919
0.659
0.613
0.742
0.773
0.589
1.024
0.656
0.681
0.710
1.279
1.155
0.663
0.710
0.706
0.718
0.884
0.797
0.959
0.818
0.547
0.645
0.894
1.378
0.765
0.540
0.659
0.880
0.770
0.796
0.955
1.141
0.651
0.840
0.754
0.706
0.758
0.645
0.821
0.618
0.538
0.725
0.640
0.732
0.913
0.759
0.690
0.945
0.813
0.805
0.867
0.638
0.860
0.853
0.722
1.024
0.579
0.676
0.738
0.863
0.904
0.700
1.288
1.034
0.821
0.762
0.647
0.498
1.191
0.795
0.617
0.740
0.798
0.871
0.645
0.785
0.607
0.874
0.797
0.802
1.085
0.873
0.626
0.624
0.627
1.930
0.977
0.730
0.595
0.558
0.474
0.837
1.430
0.772
0.784
0.699
0.649
0.741
0.884
0.849
0.590
0.867
0.632
0.628
1.100
1.040
0.905
0.919
0.859
1.580
0.929
1.070
0.701
1.532
0.868
0.989
1.148
1.161
1.291
0.995
1.517
1.085
1.192
1.013
0.823
0.611
0.880
1.001
0.746
1.066
0.986
1.061
0.625
0.829
0.760
0.835
0.731
0.996
1.366
0.861
0.654
0.802
0.777
0.830
0.947
0.563
1.482
0.904
0.642
0.787
0.521
0.544
0.704
0.707
0.601
0.592
0.678
0.715
0.521
0.572
1.466
0.596
0.685
0.544
0.605
0.512
0.638
0.481
0.850
0.796
0.839
0.609
0.897
0.688
0.581
0.745
1.002
0.740
0.850
0.921
0.618
0.755
0.737
0.774
0.646
0.556
0.782
0.842
0.731
0.853
1.274
0.721
0.846
0.548
0.797
0.791
0.804
0.810
0.824
0.664
1.171
2.400
0.896
0.987
1.027
1.144
0.961
1.168
1.042
0.945
0.859
0.928
1.161
1.027
0.973
1.027
0.883
0.852
1.519
1.004
1.147
0.724
1.597
0.979
0.909
0.866
1.141
1.069
1.573
0.651
0.679
0.635
0.684
0.834
0.611
1.023
0.904
0.715
0.639
0.877
0.938
1.253
0.567
0.836
1.111
2.195
0.851
1.342
0.805
0.787
0.565
0.859
1.075
0.894
1.466
1.484
0.999
1.414
1.224
1.144
0.924
0.966
1.614
0.981
1.016
0.992
1.033
1.358
1.557
1.605
0.986
1.138
0.882
0.936
1.208
1.202
1.325
0.989
0.960
1.176
0.991
0.962
1.051
0.989
0.985
1.321
1.142
1.178
1.295
1.033
1.214
1.387
1.287
0.888
1.075
1.019
0.993
1.047
1.488
0.893
0.921
1.005
0.931
0.970
0.730
0.900
0.981
1.179
0.958
0.775
0.853
0.980
0.829
0.852
0.668
0.855
0.993
0.971
0.771
1.005
0.813
0.770
0.759
0.862
0.995
1.199
0.697
0.811
0.921
0.735
0.676
1.014
0.872
0.629
1.013
0.976
1.449
0.890
0.962
1.099
1.450
0.829
0.929
0.790
0.977
0.851
1.209
1.168
1.182
1.119
1.010
0.779
0.953
1.230
0.737
1.038
1.019
0.925
1.324
1.282
1.143
0.841
1.238
0.986
1.207
2.184
0.943
0.890
0.999
0.959
1.030
1.132
1.410
0.967
0.723
0.805
0.947
1.086
0.777
1.013
1.245
1.174
1.003
1.173
0.973
0.898
0.659
1.098
1.235
0.905
1.330
1.044
0.994
0.959
1.004
1.328
1.163
1.405
1.111
0.815
1.071
0.963
0.843
1.043
0.984
0.922
0.763
0.815
0.891
0.806
0.755
0.879
1.798
1.021
0.948
2.718
0.941
1.221
0.835
1.238
0.914
1.580
1.439
0.847
0.853
1.045
0.800
0.673
0.509
0.612
0.488
0.696
0.501
0.845
0.838
0.932
0.771
0.829
0.980
1.156
0.882
1.113
1.188
1.366
7.246
0.847
1.549
0.970
0.907
0.964
1.151
1.038
0.784
0.750
0.858
0.671
0.698
0.615
0.736
0.668
0.898
0.812
0.711
0.628
0.579
0.452
0.443
0.608
0.739
0.494
0.667
0.685
0.626
0.439
0.592
0.578
0.470
0.513
0.496
0.795
0.571
0.706
0.613
0.556
0.579
0.666
0.618
0.752
0.575
0.605
0.700
0.708
0.982
0.690
0.615
0.546
0.647
0.728
0.718
0.712
0.700
0.971
0.500
0.761
0.709
0.593
0.538
0.585
1.134
0.470
0.698
0.713
0.457
0.677
0.520
0.826
0.811
0.698
0.682
0.640
0.521
0.611
0.518
0.712
0.704
0.673
0.501
0.601
0.561
0.688
0.481
0.686
0.670
0.604
0.570
0.586
0.588
0.682
0.681
0.633
0.709
0.733
0.684
0.631
0.672
0.578
0.567
0.482
0.628
0.642
0.458
0.714
0.561
0.645
0.667
0.565
0.685
1.026
1.419
0.610
0.602
0.595
0.653
0.576
0.566
0.588
0.765
0.655
0.588
0.582
0.426
0.600
0.476
0.593
0.558
0.546
0.476
0.524
1.611
0.466
0.569
0.627
1.243
0.755
0.588
0.651
0.492
0.446
0.644
0.540
0.702
0.659
0.653
0.601
0.469
0.548
0.634
0.917
0.627
0.616
0.596
0.557
0.528
0.400
0.613
0.694
0.626
0.493
0.631
0.654
0.583
0.580
0.570
0.956
0.587
0.635
0.624
0.530
0.525
0.451
0.717
0.415
0.819
0.698
0.544
0.448
0.543
0.382
0.673
0.755
1.154
0.646
0.635
0.725
0.709
0.663
0.658
0.663
0.563
0.560
0.659
0.975
0.532
0.486
0.596
0.462
1.640
0.575
0.599
0.653
0.626
0.618
0.520
0.727
0.706
0.595
0.662
0.592
0.663
0.465
0.736
0.673
0.833
0.740
0.734
0.623
0.648
0.579
0.688
0.674
0.725
0.817
0.601
0.613
0.579
0.589
0.504
0.817
0.568
0.546
0.694
0.445
0.615
0.650
0.673
0.654
0.689
0.699
0.491
0.586
0.612
0.467
0.721
0.631
0.622
3.310
0.748
0.697
0.699
0.754
0.749
0.624
0.709
0.654
0.639
0.658
0.598
0.627
0.514
0.855
0.712
0.805
0.520
0.769
0.574
0.535
0.679
0.430
0.631
0.737
0.639
0.542
0.690
0.582
0.504
0.481
0.867
0.579
0.708
0.989
0.689
0.691
0.733
0.688
0.498
0.655
0.878
0.463
0.656
0.623
0.664
0.515
0.914
0.700
0.671
0.693
0.861
0.668
0.991
0.499
1.032
0.496
0.564
0.581
0.596
0.601
0.750
0.740
0.555
0.734
0.704
0.538
0.651
0.729
0.464
0.589
0.485
0.493
0.656
0.744
0.539
0.662
2.288
0.685
0.672
0.646
0.542
0.680
0.444
0.599
0.561
0.463
0.569
0.552
0.552
0.460
0.655
0.565
0.663
0.577
0.530
0.549
0.736
0.621
0.690
0.697
0.599
0.628
0.615
0.732
0.575
0.621
0.698
0.707
0.721
0.784
0.683
0.595
0.777
0.753
0.539
0.634
0.609
0.796
0.696
0.508
0.483
0.655
0.707
0.530
1.058
0.530
0.688
0.524
0.719
0.626
0.711
0.672
0.726
0.669
0.514
0.617
0.750
0.558
2.829
0.728
0.688
0.650
0.598
0.604
0.606
0.790
1.551
0.607
0.715
0.731
0.525
0.712
0.707
0.740
0.773
0.656
0.746
0.471
0.691
0.622
0.738
0.533
0.520
0.607
0.775
0.740
0.980
0.904
0.684
0.758
0.931
0.667
0.673
0.576
0.614
0.598
0.735
0.405
0.788
2.835
0.672
0.692
0.708
3.016
0.520
0.717
0.566
0.661
0.672
0.706
0.717
0.686
0.636
0.757
0.689
0.731
0.675
0.795
0.807
0.725
0.672
0.554
0.725
0.655
0.702
0.578
0.544
0.624
0.683
0.666
0.715
0.703
0.556
0.554
0.575
0.726
0.533
0.606
0.568
0.565
0.702
0.589
0.418
0.560
0.559
0.656
0.709
0.804
0.685
0.702
0.632
0.441
0.576
0.660
0.494
0.582
0.439
0.636
0.974
0.584
0.624
0.639
0.572
0.588
0.610
0.709
0.712
0.571
0.492
0.653
0.646
0.656
0.749
0.701
0.626
0.631
0.522
0.731
0.553
0.680
0.462
0.684
0.483
0.653
0.678
0.629
0.536
0.580
0.726
0.668
0.456
0.507
0.430
1.040
0.526
1.718
0.412
0.685
0.485
0.864
0.471
0.464
0.552
0.410
0.560
0.397
1.300
0.693
0.610
0.585
0.596
0.610
0.687
0.577
0.614
0.449
0.570
0.580
0.597
0.569
0.543
0.540
0.493
0.440
0.460
0.468
0.572
0.564
0.523
0.471
0.522
0.678
0.577
0.601
0.509
0.349
9.602
0.609
0.527
0.639
0.371
0.593
0.502
0.523
0.596
0.567
0.326
0.395
0.457
